ARMA_MAT_TXT_FN008
10 10
   2.30530019159151e-01  -2.30530019145158e-01  -3.87868386051157e-01   3.87868386062149e-01   1.20131165852205e-01  -1.20131165879203e-01  -4.22061280946145e-01   4.22061280944045e-01   3.22252701283844e-01  -3.22252701276124e-01
   3.87868386086652e-01   3.87868386059322e-01  -3.22252701265136e-01  -3.22252701276675e-01   2.30530019098481e-01   2.30530019144389e-01  -1.20131165878867e-01  -1.20131165874951e-01   4.22061280955053e-01   4.22061280946159e-01
   4.22061280984343e-01  -4.22061280946314e-01   1.20131165884236e-01  -1.20131165881836e-01   3.22252701226042e-01  -3.22252701275536e-01   3.87868386059284e-01  -3.87868386057810e-01   2.30530019142460e-01  -2.30530019144945e-01
   3.22252701321158e-01   3.22252701275596e-01   4.22061280943337e-01   4.22061280947502e-01   3.87868386021116e-01   3.87868386060049e-01   2.30530019145337e-01   2.30530019141750e-01  -1.20131165888590e-01  -1.20131165878682e-01
   1.20131165928673e-01  -1.20131165878798e-01   2.30530019135694e-01  -2.30530019143508e-01   4.22061280932456e-01  -4.22061280944514e-01  -3.22252701275775e-01   3.22252701276533e-01  -3.87868386066704e-01   3.87868386058715e-01
  -1.20131165828783e-01  -1.20131165878609e-01  -2.30530019154772e-01  -2.30530019148378e-01   4.22061280959401e-01   4.22061280948117e-01  -3.22252701275328e-01  -3.22252701274983e-01  -3.87868386051485e-01  -3.87868386059116e-01
  -3.22252701229854e-01   3.22252701275422e-01  -4.22061280949295e-01   4.22061280943832e-01   3.87868386098570e-01  -3.87868386058218e-01   2.30530019145126e-01  -2.30530019148587e-01  -1.20131165868778e-01   1.20131165878970e-01
  -4.22061280908115e-01  -4.22061280946169e-01  -1.20131165872926e-01  -1.20131165876416e-01   3.22252701324658e-01   3.22252701275566e-01   3.87868386058980e-01   3.87868386060702e-01   2.30530019148275e-01   2.30530019145425e-01
  -3.87868386031933e-01   3.87868386059220e-01   3.22252701285966e-01  -3.22252701275196e-01   2.30530019190900e-01  -2.30530019146076e-01  -1.20131165878296e-01   1.20131165881761e-01   4.22061280937332e-01  -4.22061280946308e-01
  -2.30530019131070e-01  -2.30530019145106e-01   3.87868386067110e-01   3.87868386055710e-01   1.20131165906260e-01   1.20131165877960e-01  -4.22061280946487e-01  -4.22061280948244e-01   3.22252701267406e-01   3.22252701275602e-01
